ChestBottom ([-3.8629948E-4, 0.39999968, 2.4111796E-4])
Hip ([0.0, 0.04, 0.0])
ChestBottom ([-3.8629948E-4, 0.39999968, 2.4111796E-4])
Hip ([0.0, 0.04, 0.0])
ChestBottom ([-0.0027370485, 0.39998895, 8.7519665E-4])
Hip ([-3.9828932E-4, 0.039997593, 1.865322E-4])
ChestBottom ([-0.0027370485, 0.39998895, 8.7519665E-4])
Hip ([-3.9828932E-4, 0.039997593, 1.865322E-4])
ChestBottom ([-0.0018609283, 0.3999843, -4.983846E-4])
Hip ([-5.5501313E-4, 0.03999395, 4.2056598E-4])
ChestBottom ([-0.0018025711, 0.39998555, -6.0303614E-4])
Hip ([-5.419656E-4, 0.03999457, 3.7627868E-4])
ChestBottom ([-0.003472744, 0.39996603, -0.0011433628])
Hip ([-6.637147E-4, 0.03999072, 5.5032485E-4])
ChestBottom ([-0.003472744, 0.39996603, -0.0011433628])
Hip ([-6.637147E-4, 0.03999072, 5.5032485E-4])
ChestBottom ([-0.003472744, 0.39996603, -0.0011433628])
Hip ([-6.637147E-4, 0.03999072, 5.5032485E-4])
ChestBottom ([-0.003472744, 0.39996603, -0.0011433628])
Hip ([-6.637147E-4, 0.03999072, 5.5032485E-4])
ChestBottom ([-0.003472744, 0.39996603, -0.0011433628])
Hip ([-6.637147E-4, 0.03999072, 5.5032485E-4])
ChestBottom ([-0.0016516446, 0.39996856, 7.4350566E-4])
Hip ([-7.7428046E-4, 0.039985687, 7.389945E-4])
ChestBottom ([-0.0016516446, 0.39996856, 7.4350566E-4])
Hip ([-7.7428046E-4, 0.039985687, 7.389945E-4])
ChestBottom ([-0.0016516446, 0.39996856, 7.4350566E-4])
Hip ([-7.7428046E-4, 0.039985687, 7.389945E-4])
ChestBottom ([-0.0016516446, 0.39996856, 7.4350566E-4])
Hip ([-7.7428046E-4, 0.039985687, 7.389945E-4])
ChestBottom ([-0.0016516446, 0.39996856, 7.4350566E-4])
Hip ([-7.7428046E-4, 0.039985687, 7.389945E-4])
ChestBottom ([-0.0016516446, 0.39996856, 7.4350566E-4])
Hip ([-7.7428046E-4, 0.039985687, 7.389945E-4])
ChestBottom ([-0.0016516446, 0.39996856, 7.4350566E-4])
Hip ([-7.7428046E-4, 0.039985687, 7.389945E-4])
ChestBottom ([-0.0016516446, 0.39996856, 7.4350566E-4])
Hip ([-7.7428046E-4, 0.039985687, 7.389945E-4])
ChestBottom ([-0.005648144, 0.3999365, 0.0018803952])
Hip ([-6.6422945E-4, 0.039983675, 9.2988106E-4])
ChestBottom ([-0.005648144, 0.3999365, 0.0018803952])
Hip ([-6.6422945E-4, 0.039983675, 9.2988106E-4])
ChestBottom ([-0.005648144, 0.3999365, 0.0018803952])
Hip ([-6.6422945E-4, 0.039983675, 9.2988106E-4])
ChestBottom ([-0.005043127, 0.39993712, 0.0014511254])
Hip ([-6.5874524E-4, 0.039981358, 0.0010284726])
ChestBottom ([-0.004903586, 0.39994034, 0.0015621083])
Hip ([-6.378612E-4, 0.039982047, 0.0010148546])
ChestBottom ([-0.004903586, 0.39994034, 0.0015621083])
Hip ([-6.378612E-4, 0.039982047, 0.0010148546])
ChestBottom ([-0.004903586, 0.39994034, 0.0015621083])
Hip ([-6.378612E-4, 0.039982047, 0.0010148546])
ChestBottom ([-0.015542382, 0.39934254, 0.015786968])
Hip ([-6.2174175E-4, 0.039982412, 0.0010103973])
ChestBottom ([-0.015542382, 0.39934254, 0.015786968])
Hip ([-6.2174175E-4, 0.039982412, 0.0010103973])
ChestBottom ([-0.15796901, 0.20982827, 0.23958527])
Hip ([-6.170259E-4, 0.039982982, 9.902566E-4])
ChestBottom ([-0.15796901, 0.20982827, 0.23958527])
Hip ([-6.170259E-4, 0.039982982, 9.902566E-4])
ChestBottom ([-0.18279307, 0.1992144, 0.22632454])
Hip ([-6.149245E-4, 0.039983436, 9.732269E-4])
ChestBottom ([-0.18279307, 0.1992144, 0.22632454])
Hip ([-6.149245E-4, 0.039983436, 9.732269E-4])
ChestBottom ([-0.16176927, 0.22158928, 0.23047069])
Hip ([-6.14614E-4, 0.039983794, 9.586238E-4])
ChestBottom ([-0.14329857, 0.21283785, 0.24588297])
Hip ([-6.104482E-4, 0.039984122, 9.4753294E-4])
ChestBottom ([-0.14329857, 0.21283785, 0.24588297])
Hip ([-6.104482E-4, 0.039984122, 9.4753294E-4])
ChestBottom ([-0.1471556, 0.20978613, 0.24191423])
Hip ([-6.0278067E-4, 0.03998442, 9.393996E-4])
ChestBottom ([-0.1977666, 0.31770763, 0.06788469])
Hip ([-5.880464E-4, 0.03998501, 9.239514E-4])
ChestBottom ([-0.1977666, 0.31770763, 0.06788469])
Hip ([-5.880464E-4, 0.03998501, 9.239514E-4])
ChestBottom ([-0.1977666, 0.31770763, 0.06788469])
Hip ([-5.880464E-4, 0.03998501, 9.239514E-4])
ChestBottom ([-0.260453, 0.24616668, 0.045259874])
Hip ([-5.9504196E-4, 0.039984785, 9.2879427E-4])
ChestBottom ([-0.260453, 0.24616668, 0.045259874])
Hip ([-5.9504196E-4, 0.039984785, 9.2879427E-4])
ChestBottom ([-0.260453, 0.24616668, 0.045259874])
Hip ([-5.9504196E-4, 0.039984785, 9.2879427E-4])
ChestBottom ([-0.1977785, 0.31770673, 0.067830354])
Hip ([-5.873717E-4, 0.039985206, 9.1569097E-4])
ChestBottom ([0.051885452, 0.36501613, 0.13427934])
Hip ([-5.7404704E-4, 0.039985977, 8.90072E-4])
ChestBottom ([0.051885452, 0.36501613, 0.13427934])
Hip ([-5.7404704E-4, 0.039985977, 8.90072E-4])
ChestBottom ([0.051885452, 0.36501613, 0.13427934])
Hip ([-5.7404704E-4, 0.039985977, 8.90072E-4])
ChestBottom ([0.13057606, 0.3495852, 0.10920195])
Hip ([-5.700306E-4, 0.039986145, 8.85244E-4])
ChestBottom ([0.19047403, 0.30769834, 0.112751424])
Hip ([-5.662142E-4, 0.039986305, 8.8072824E-4])
ChestBottom ([0.19047403, 0.30769834, 0.112751424])
Hip ([-5.662142E-4, 0.039986305, 8.8072824E-4])
ChestBottom ([0.19047403, 0.30769834, 0.112751424])
Hip ([-5.662142E-4, 0.039986305, 8.8072824E-4])
ChestBottom ([0.19047403, 0.30769834, 0.112751424])
Hip ([-5.662142E-4, 0.039986305, 8.8072824E-4])
ChestBottom ([0.19050044, 0.30768156, 0.11273711])
Hip ([-5.655615E-4, 0.03998635, 8.7876816E-4])
ChestBottom ([0.19050044, 0.30768156, 0.11273711])
Hip ([-5.655615E-4, 0.03998635, 8.7876816E-4])
ChestBottom ([0.19050044, 0.30768156, 0.11273711])
Hip ([-5.655615E-4, 0.03998635, 8.7876816E-4])
ChestBottom ([0.21319386, 0.25388765, 0.1513758])
Hip ([-5.60617E-4, 0.0399866, 8.7068643E-4])
ChestBottom ([2.861172E-4, 0.27035326, 0.25208765])
Hip ([-5.4999074E-4, 0.039987147, 8.5169374E-4])
ChestBottom ([2.861172E-4, 0.27035326, 0.25208765])
Hip ([-5.4999074E-4, 0.039987147, 8.5169374E-4])
ChestBottom ([2.861172E-4, 0.27035326, 0.25208765])
Hip ([-5.4999074E-4, 0.039987147, 8.5169374E-4])
ChestBottom ([2.861172E-4, 0.27035326, 0.25208765])
Hip ([-5.4999074E-4, 0.039987147, 8.5169374E-4])
ChestBottom ([0.002578944, 0.32544023, 0.2041509])
Hip ([-5.3910253E-4, 0.039987497, 8.4250903E-4])
ChestBottom ([0.002578944, 0.32544023, 0.2041509])
Hip ([-5.3910253E-4, 0.039987497, 8.4250903E-4])
ChestBottom ([0.002578944, 0.32544023, 0.2041509])
Hip ([-5.3910253E-4, 0.039987497, 8.4250903E-4])
ChestBottom ([-0.024257714, 0.36029926, 0.15322292])
Hip ([-5.305E-4, 0.039987803, 8.3361316E-4])
ChestBottom ([-0.094539285, 0.3628658, 0.11762581])
Hip ([-5.353254E-4, 0.039987918, 8.247881E-4])
ChestBottom ([-0.094539285, 0.3628658, 0.11762581])
Hip ([-5.353254E-4, 0.039987918, 8.247881E-4])
ChestBottom ([-0.094539285, 0.3628658, 0.11762581])
Hip ([-5.353254E-4, 0.039987918, 8.247881E-4])
ChestBottom ([-0.18326938, 0.33590096, 0.06017427])
Hip ([-5.3571793E-4, 0.039988082, 8.163153E-4])
ChestBottom ([-0.18326938, 0.33590096, 0.06017427])
Hip ([-5.3571793E-4, 0.039988082, 8.163153E-4])
ChestBottom ([-0.18326938, 0.33590096, 0.06017427])
Hip ([-5.3571793E-4, 0.039988082, 8.163153E-4])
ChestBottom ([-0.18326938, 0.33590096, 0.06017427])
Hip ([-5.3571793E-4, 0.039988082, 8.163153E-4])
ChestBottom ([-0.18334371, 0.33582318, 0.06031291])
Hip ([-5.393284E-4, 0.03998794, 8.2147657E-4])
ChestBottom ([-0.18334371, 0.33582318, 0.06031291])
Hip ([-5.393284E-4, 0.03998794, 8.2147657E-4])
ChestBottom ([-0.18334371, 0.33582318, 0.06031291])
Hip ([-5.393284E-4, 0.03998794, 8.2147657E-4])
ChestBottom ([-0.25607288, 0.271251, -0.003083691])
Hip ([-5.323627E-4, 0.03998831, 8.0717035E-4])
ChestBottom ([-0.28777325, 0.18294163, 0.058801547])
Hip ([-5.2623125E-4, 0.03998853, 8.008439E-4])
ChestBottom ([-0.28777325, 0.18294163, 0.058801547])
Hip ([-5.2623125E-4, 0.03998853, 8.008439E-4])
ChestBottom ([-0.28777325, 0.18294163, 0.058801547])
Hip ([-5.2623125E-4, 0.03998853, 8.008439E-4])
ChestBottom ([-0.28777325, 0.18294163, 0.058801547])
Hip ([-5.2623125E-4, 0.03998853, 8.008439E-4])
ChestBottom ([-0.28777325, 0.18294163, 0.058801547])
Hip ([-5.2623125E-4, 0.03998853, 8.008439E-4])
ChestBottom ([-0.09552232, 0.21363688, 0.2630224])
Hip ([-5.2024896E-4, 0.03998874, 7.941514E-4])
ChestBottom ([-0.09552232, 0.21363688, 0.2630224])
Hip ([-5.2024896E-4, 0.03998874, 7.941514E-4])
ChestBottom ([-0.09552232, 0.21363688, 0.2630224])
Hip ([-5.2024896E-4, 0.03998874, 7.941514E-4])
ChestBottom ([-0.033848163, 0.25945002, 0.25648206])
Hip ([-5.180373E-4, 0.039988827, 7.9132436E-4])
ChestBottom ([0.04090009, 0.27966306, 0.24134435])
Hip ([-5.173804E-4, 0.039989006, 7.8220305E-4])
ChestBottom ([0.04090009, 0.27966306, 0.24134435])
Hip ([-5.173804E-4, 0.039989006, 7.8220305E-4])
ChestBottom ([0.04090009, 0.27966306, 0.24134435])
Hip ([-5.173804E-4, 0.039989006, 7.8220305E-4])
ChestBottom ([0.04090009, 0.27966306, 0.24134435])
Hip ([-5.173804E-4, 0.039989006, 7.8220305E-4])
ChestBottom ([0.11061585, 0.26935413, 0.2260639])
Hip ([-5.106842E-4, 0.039989173, 7.777962E-4])
ChestBottom ([0.11061585, 0.26935413, 0.2260639])
Hip ([-5.106842E-4, 0.039989173, 7.777962E-4])
ChestBottom ([0.11061585, 0.26935413, 0.2260639])
Hip ([-5.106842E-4, 0.039989173, 7.777962E-4])
ChestBottom ([0.1490975, 0.23992199, 0.22149126])
Hip ([-5.068217E-4, 0.0399894, 7.6906086E-4])
ChestBottom ([0.1490975, 0.23992199, 0.22149126])
Hip ([-5.068217E-4, 0.0399894, 7.6906086E-4])
ChestBottom ([0.1490975, 0.23992199, 0.22149126])
Hip ([-5.068217E-4, 0.0399894, 7.6906086E-4])
ChestBottom ([-0.042715535, 0.31572634, 0.20919485])
Hip ([-4.9796776E-4, 0.039989617, 7.634717E-4])
ChestBottom ([-0.042715535, 0.31572634, 0.20919485])
Hip ([-4.9796776E-4, 0.039989617, 7.634717E-4])
ChestBottom ([-0.042715535, 0.31572634, 0.20919485])
Hip ([-4.9796776E-4, 0.039989617, 7.634717E-4])
ChestBottom ([6.201584E-4, 0.3499043, 0.17111124])
Hip ([-4.955368E-4, 0.03998974, 7.5917394E-4])
ChestBottom ([0.001699768, 0.35039055, 0.17005])
Hip ([-8.723349E-4, 0.039987784, 4.6599848E-4])
ChestBottom ([0.001699768, 0.35039055, 0.17005])
Hip ([-8.723349E-4, 0.039987784, 4.6599848E-4])
ChestBottom ([0.001699768, 0.35039055, 0.17005])
Hip ([-8.723349E-4, 0.039987784, 4.6599848E-4])
ChestBottom ([-0.011139226, 0.36698157, 0.14115572])
Hip ([-8.6921826E-4, 0.039987907, 4.606404E-4])
ChestBottom ([-0.09552225, 0.3688985, 0.100778155])
Hip ([-8.6632936E-4, 0.039988033, 4.5511313E-4])
ChestBottom ([-0.09552225, 0.3688985, 0.100778155])
Hip ([-8.6632936E-4, 0.039988033, 4.5511313E-4])
ChestBottom ([-0.09552225, 0.3688985, 0.100778155])
Hip ([-8.6632936E-4, 0.039988033, 4.5511313E-4])
ChestBottom ([-0.18369535, 0.3373804, 0.05352993])
Hip ([-8.6345524E-4, 0.039988164, 4.4938913E-4])
ChestBottom ([-0.2581676, 0.26632687, 0.0064640213])
Hip ([-2.235589E-4, 0.039994955, 5.954587E-4])
ChestBottom ([-0.2581676, 0.26632687, 0.0064640213])
Hip ([-2.235589E-4, 0.039994955, 5.954587E-4])
ChestBottom ([-0.2581676, 0.26632687, 0.0064640213])
Hip ([-2.235589E-4, 0.039994955, 5.954587E-4])
ChestBottom ([-0.30073678, 0.1733016, 0.008793574])
Hip ([-2.2293038E-4, 0.03999494, 5.9662975E-4])
ChestBottom ([-0.30073106, 0.17333484, 0.009023443])
Hip ([-2.3371895E-4, 0.039993264, 6.9605827E-4])
ChestBottom ([-0.30073106, 0.17333484, 0.009023443])
Hip ([-2.3371895E-4, 0.039993264, 6.9605827E-4])
ChestBottom ([-0.30073106, 0.17333484, 0.009023443])
Hip ([-2.3371895E-4, 0.039993264, 6.9605827E-4])
ChestBottom ([-0.3075599, 0.110489175, 0.02434514])
Hip ([-2.345729E-4, 0.039993208, 6.992869E-4])
ChestBottom ([-0.3026123, 0.0841524, 0.041015603])
Hip ([-2.2672895E-4, 0.03999331, 6.963618E-4])
ChestBottom ([-0.3026123, 0.0841524, 0.041015603])
Hip ([-2.2672895E-4, 0.03999331, 6.963618E-4])
ChestBottom ([-0.3026123, 0.0841524, 0.041015603])
Hip ([-2.2672895E-4, 0.03999331, 6.963618E-4])
ChestBottom ([-0.29014492, 0.08332207, 0.07786647])
Hip ([-2.2489624E-4, 0.03999334, 6.9450436E-4])
ChestBottom ([-0.29014492, 0.08332207, 0.07786647])
Hip ([-2.2489624E-4, 0.03999334, 6.9450436E-4])
ChestBottom ([-0.29014492, 0.08332207, 0.07786647])
Hip ([-2.2489624E-4, 0.03999334, 6.9450436E-4])
ChestBottom ([-0.29014492, 0.08332207, 0.07786647])
Hip ([-2.2489624E-4, 0.03999334, 6.9450436E-4])
ChestBottom ([-0.064580455, 0.15570308, 0.29076546])
Hip ([-2.3322967E-4, 0.039993405, 6.8849657E-4])
ChestBottom ([-0.064580455, 0.15570308, 0.29076546])
Hip ([-2.3322967E-4, 0.039993405, 6.8849657E-4])
ChestBottom ([-0.064580455, 0.15570308, 0.29076546])
Hip ([-2.3322967E-4, 0.039993405, 6.8849657E-4])
ChestBottom ([-0.008069545, 0.23745248, 0.27184722])
Hip ([-2.3835918E-4, 0.03999338, 6.8824395E-4])
ChestBottom ([-0.007962726, 0.23740926, 0.2718602])
Hip ([-2.3728881E-4, 0.039993413, 6.867614E-4])
ChestBottom ([-0.007962726, 0.23740926, 0.2718602])
Hip ([-2.3728881E-4, 0.039993413, 6.867614E-4])
ChestBottom ([-0.007962726, 0.23740926, 0.2718602])
Hip ([-2.3728881E-4, 0.039993413, 6.867614E-4])
ChestBottom ([-0.007962726, 0.23740926, 0.2718602])
Hip ([-2.3728881E-4, 0.039993413, 6.867614E-4])
ChestBottom ([-0.007962726, 0.23740926, 0.2718602])
Hip ([-2.3728881E-4, 0.039993413, 6.867614E-4])
ChestBottom ([0.081719145, 0.26798362, 0.24153796])
Hip ([-2.3835918E-4, 0.03999338, 6.8824395E-4])
ChestBottom ([0.081719145, 0.26798362, 0.24153796])
Hip ([-2.3835918E-4, 0.03999338, 6.8824395E-4])
ChestBottom ([0.17100126, 0.2542253, 0.20144732])
Hip ([-2.4029141E-4, 0.039993446, 6.834425E-4])
ChestBottom ([0.17100126, 0.2542253, 0.20144732])
Hip ([-2.4029141E-4, 0.039993446, 6.834425E-4])
ChestBottom ([0.17100126, 0.2542253, 0.20144732])
Hip ([-2.4029141E-4, 0.039993446, 6.834425E-4])
ChestBottom ([0.17100126, 0.2542253, 0.20144732])
Hip ([-2.4029141E-4, 0.039993446, 6.834425E-4])
ChestBottom ([0.23554614, 0.20311244, 0.16725037])
Hip ([-2.4127458E-4, 0.03999348, 6.812327E-4])
ChestBottom ([0.23554614, 0.20311244, 0.16725037])
Hip ([-2.4127458E-4, 0.03999348, 6.812327E-4])
ChestBottom ([0.23554614, 0.20311244, 0.16725037])
Hip ([-2.4127458E-4, 0.03999348, 6.812327E-4])
ChestBottom ([0.26305324, 0.13998713, 0.14934507])
Hip ([-2.4134901E-4, 0.039993472, 6.812944E-4])
ChestBottom ([0.009710595, 0.11668156, 0.3010233])
Hip ([-2.3890694E-4, 0.0399935, 6.8100967E-4])
ChestBottom ([0.009710595, 0.11668156, 0.3010233])
Hip ([-2.3890694E-4, 0.0399935, 6.8100967E-4])
ChestBottom ([0.016987216, 0.20709328, 0.28676713])
Hip ([-2.347531E-4, 0.03999369, 6.7108555E-4])
ChestBottom ([0.016987216, 0.20709328, 0.28676713])
Hip ([-2.347531E-4, 0.03999369, 6.7108555E-4])
ChestBottom ([0.04992593, 0.2859765, 0.2397925])
Hip ([-2.2594798E-4, 0.03999401, 6.550431E-4])
ChestBottom ([0.04992593, 0.2859765, 0.2397925])
Hip ([-2.2594798E-4, 0.03999401, 6.550431E-4])
ChestBottom ([0.04992593, 0.2859765, 0.2397925])
Hip ([-2.2594798E-4, 0.03999401, 6.550431E-4])
ChestBottom ([0.04219049, 0.2662831, 0.2549243])
Hip ([-2.3235609E-4, 0.039993845, 6.624125E-4])
ChestBottom ([0.04219049, 0.2662831, 0.2549243])
Hip ([-2.3235609E-4, 0.039993845, 6.624125E-4])
ChestBottom ([0.04219049, 0.2662831, 0.2549243])
Hip ([-2.3235609E-4, 0.039993845, 6.624125E-4])
ChestBottom ([0.049971372, 0.2859941, 0.23977792])
Hip ([-2.3076104E-4, 0.039993934, 6.577036E-4])
ChestBottom ([-0.14626956, 0.29232702, 0.1906346])
Hip ([-2.280351E-4, 0.03999394, 6.574568E-4])
ChestBottom ([-0.14626956, 0.29232702, 0.1906346])
Hip ([-2.280351E-4, 0.03999394, 6.574568E-4])
ChestBottom ([-0.14626956, 0.29232702, 0.1906346])
Hip ([-2.280351E-4, 0.03999394, 6.574568E-4])
ChestBottom ([-0.22225316, 0.25448015, 0.14716771])
Hip ([-2.2713045E-4, 0.03999398, 6.557725E-4])
ChestBottom ([-0.22225316, 0.25448015, 0.14716771])
Hip ([-2.2713045E-4, 0.03999398, 6.557725E-4])
ChestBottom ([-0.22225316, 0.25448015, 0.14716771])
Hip ([-2.2713045E-4, 0.03999398, 6.557725E-4])
ChestBottom ([-0.22225316, 0.25448015, 0.14716771])
Hip ([-2.2713045E-4, 0.03999398, 6.557725E-4])
ChestBottom ([-0.14622405, 0.29233432, 0.19066232])
Hip ([-2.3207082E-4, 0.039994024, 6.519695E-4])
ChestBottom ([-0.14622405, 0.29233432, 0.19066232])
Hip ([-2.3207082E-4, 0.039994024, 6.519695E-4])
ChestBottom ([-0.14622405, 0.29233432, 0.19066232])
Hip ([-2.3207082E-4, 0.039994024, 6.519695E-4])
ChestBottom ([-0.22330801, 0.2422218, 0.16121832])
Hip ([-2.3395536E-4, 0.03999403, 6.5027736E-4])
ChestBottom ([-0.13201153, 0.362791, 0.06703163])
Hip ([-2.5031462E-4, 0.039993957, 6.4870314E-4])
ChestBottom ([-0.13201153, 0.362791, 0.06703163])
Hip ([-2.5031462E-4, 0.039993957, 6.4870314E-4])
ChestBottom ([-0.13201153, 0.362791, 0.06703163])
Hip ([-2.5031462E-4, 0.039993957, 6.4870314E-4])
ChestBottom ([-0.13201153, 0.362791, 0.06703163])
Hip ([-2.5031462E-4, 0.039993957, 6.4870314E-4])
ChestBottom ([-0.15843572, 0.35032934, 0.05784165])
Hip ([-2.551575E-4, 0.039994087, 6.391237E-4])
ChestBottom ([-0.15843572, 0.35032934, 0.05784165])
Hip ([-2.551575E-4, 0.039994087, 6.391237E-4])
ChestBottom ([-0.15843572, 0.35032934, 0.05784165])
Hip ([-2.551575E-4, 0.039994087, 6.391237E-4])
ChestBottom ([-0.15215878, 0.3479029, 0.08058361])
Hip ([-2.5988574E-4, 0.039994147, 6.327155E-4])
ChestBottom ([-0.15215576, 0.3478994, 0.08062762])
Hip ([-2.621496E-4, 0.03999411, 6.348622E-4])
ChestBottom ([-0.15215576, 0.3478994, 0.08062762])
Hip ([-2.621496E-4, 0.03999411, 6.348622E-4])
ChestBottom ([-0.15215576, 0.3478994, 0.08062762])
Hip ([-2.621496E-4, 0.03999411, 6.348622E-4])
ChestBottom ([-0.09834948, 0.36873263, 0.09339686])
Hip ([-2.6379543E-4, 0.039993796, 6.535886E-4])
ChestBottom ([-0.012321388, 0.39293227, 0.06533708])
Hip ([-2.6215494E-4, 0.039993946, 6.4506143E-4])
ChestBottom ([-0.012321388, 0.39293227, 0.06533708])
Hip ([-2.6215494E-4, 0.039993946, 6.4506143E-4])
ChestBottom ([-0.012321388, 0.39293227, 0.06533708])
Hip ([-2.6215494E-4, 0.039993946, 6.4506143E-4])
ChestBottom ([-0.012321388, 0.39293227, 0.06533708])
Hip ([-2.6215494E-4, 0.039993946, 6.4506143E-4])
ChestBottom ([-0.012321388, 0.39293227, 0.06533708])
Hip ([-2.6215494E-4, 0.039993946, 6.4506143E-4])
ChestBottom ([-0.010814072, 0.39319628, 0.064261])
Hip ([-2.6379543E-4, 0.039993796, 6.535886E-4])
ChestBottom ([-0.010814072, 0.39319628, 0.064261])
Hip ([-2.6379543E-4, 0.039993796, 6.535886E-4])
ChestBottom ([-0.010835305, 0.39319575, 0.06424619])
Hip ([-2.6320957E-4, 0.03999391, 6.467092E-4])
ChestBottom ([-0.010835305, 0.39319575, 0.06424619])
Hip ([-2.6320957E-4, 0.03999391, 6.467092E-4])
ChestBottom ([-0.010835305, 0.39319575, 0.06424619])
Hip ([-2.6320957E-4, 0.03999391, 6.467092E-4])
ChestBottom ([-0.010871657, 0.39350495, 0.0627419])
Hip ([-2.6242135E-4, 0.03999394, 6.4514315E-4])
ChestBottom ([-0.010101416, 0.39438483, 0.05848808])
Hip ([-2.6481604E-4, 0.03999394, 6.4474315E-4])
ChestBottom ([-0.010101416, 0.39438483, 0.05848808])
Hip ([-2.6481604E-4, 0.03999394, 6.4474315E-4])
ChestBottom ([-0.010101416, 0.39438483, 0.05848808])
Hip ([-2.6481604E-4, 0.03999394, 6.4474315E-4])
ChestBottom ([-0.009574203, 0.39507043, 0.05496684])
Hip ([-3.5482776E-4, 0.039993327, 6.390409E-4])
ChestBottom ([-0.009113956, 0.39561194, 0.05201245])
Hip ([-4.438151E-4, 0.03999246, 6.3770526E-4])
ChestBottom ([-0.009113956, 0.39561194, 0.05201245])
Hip ([-4.438151E-4, 0.03999246, 6.3770526E-4])
ChestBottom ([-0.009113956, 0.39561194, 0.05201245])
Hip ([-4.438151E-4, 0.03999246, 6.3770526E-4])
ChestBottom ([-0.009113956, 0.39561194, 0.05201245])
Hip ([-4.438151E-4, 0.03999246, 6.3770526E-4])
ChestBottom ([-0.020648394, 0.39162803, 0.0724562])
Hip ([-0.005774358, 0.03944397, 0.0032910162])
ChestBottom ([-0.020648394, 0.39162803, 0.0724562])
Hip ([-0.005774358, 0.03944397, 0.0032910162])
ChestBottom ([-0.020648394, 0.39162803, 0.0724562])
Hip ([-0.005774358, 0.03944397, 0.0032910162])
ChestBottom ([-0.020485293, 0.39134967, 0.07393272])
Hip ([-0.0062371264, 0.039306436, 0.0040128343])
ChestBottom ([-0.060550883, 0.3843888, 0.061829187])
Hip ([-0.012431656, 0.03472759, 0.015474138])
ChestBottom ([-0.060550883, 0.3843888, 0.061829187])
Hip ([-0.012431656, 0.03472759, 0.015474138])
ChestBottom ([-0.16715136, 0.303616, 0.05354742])
Hip ([-0.029234996, 0.006946206, 0.026402])
ChestBottom ([-0.16715136, 0.303616, 0.05354742])
Hip ([-0.029564861, -0.024176998, 0.01189083])
ChestBottom ([-0.15564762, 0.1915709, -0.10706602])
Hip ([-0.013067163, -0.033941712, -0.016649602])
ChestBottom ([-0.15564762, 0.1915709, -0.10706602])
Hip ([-0.013067163, -0.033941712, -0.016649602])
ChestBottom ([-0.15564762, 0.1915709, -0.10706602])
Hip ([-0.013067163, -0.033941712, -0.016649602])
ChestBottom ([-0.15564762, 0.1915709, -0.10706602])
Hip ([-0.013067163, -0.033941712, -0.016649602])
ChestBottom ([-0.15564762, 0.1915709, -0.10706602])
Hip ([-0.013067163, -0.033941712, -0.016649602])
ChestBottom ([-0.15564762, 0.1915709, -0.10706602])
Hip ([-0.013067163, -0.033941712, -0.016649602])
ChestBottom ([-0.15564762, 0.1915709, -0.10706602])
Hip ([-0.013067163, -0.033941712, -0.016649602])
ChestBottom ([-0.18267915, 0.2782008, 0.006677458])
Hip ([-0.035553332, -0.0034584866, 0.01799998])
ChestBottom ([-0.18267915, 0.2782008, 0.006677458])
Hip ([-0.035553332, -0.0034584866, 0.01799998])
ChestBottom ([-0.18267915, 0.2782008, 0.006677458])
Hip ([-0.035553332, -0.0034584866, 0.01799998])
ChestBottom ([-0.14482084, 0.32473493, -0.02978882])
Hip ([-0.038091294, 0.010990531, 0.0053161443])
ChestBottom ([-0.114849836, 0.36100575, 0.012676225])
Hip ([-0.027230488, 0.025936095, 0.013631578])
ChestBottom ([-0.114849836, 0.36100575, 0.012676225])
Hip ([-0.027230488, 0.025936095, 0.013631578])
ChestBottom ([-0.114849836, 0.36100575, 0.012676225])
Hip ([-0.027230488, 0.025936095, 0.013631578])
ChestBottom ([0.026049018, 0.3876013, 0.08419238])
Hip ([-0.0010590284, 0.03704738, 0.0150456065])
ChestBottom ([0.026049018, 0.3876013, 0.08419238])
Hip ([-0.0010590284, 0.03704738, 0.0150456065])
ChestBottom ([0.026049018, 0.3876013, 0.08419238])
Hip ([-0.0010590284, 0.03704738, 0.0150456065])
ChestBottom ([0.020258434, 0.38247508, 0.0990277])
Hip ([0.011378953, 0.03589502, 0.013493219])
ChestBottom ([0.059664387, 0.36769855, 0.11267065])
Hip ([0.021591038, 0.0315307, 0.011817043])
ChestBottom ([0.059664387, 0.36769855, 0.11267065])
Hip ([0.021591038, 0.0315307, 0.011817043])
ChestBottom ([0.059664387, 0.36769855, 0.11267065])
Hip ([0.021591038, 0.0315307, 0.011817043])
ChestBottom ([0.059664387, 0.36769855, 0.11267065])
Hip ([0.02847237, 0.019044261, 0.020655274])
ChestBottom ([0.07551995, 0.35262215, 0.12722963])
Hip ([0.026826138, 0.025493326, 0.015180566])
ChestBottom ([0.07551995, 0.35262215, 0.12722963])
Hip ([0.026826138, 0.025493326, 0.015180566])
ChestBottom ([0.07551995, 0.35262215, 0.12722963])
Hip ([0.026826138, 0.025493326, 0.015180566])
ChestBottom ([0.07551995, 0.35262215, 0.12722963])
Hip ([0.026826138, 0.025493326, 0.015180566])
ChestBottom ([0.07551995, 0.35262215, 0.12722963])
Hip ([0.026826138, 0.025493326, 0.015180566])
ChestBottom ([0.08036947, 0.33864725, 0.14225522])
Hip ([0.02847237, 0.019044261, 0.020655274])
ChestBottom ([0.08036947, 0.33864725, 0.14225522])
Hip ([0.02847237, 0.019044261, 0.020655274])
ChestBottom ([0.08036947, 0.33864725, 0.14225522])
Hip ([0.02847237, 0.019044261, 0.020655274])
ChestBottom ([0.08036947, 0.33864725, 0.14225522])
Hip ([0.02847237, 0.019044261, 0.020655274])
ChestBottom ([0.08036947, 0.33864725, 0.14225522])
Hip ([0.02847237, 0.019044261, 0.020655274])
ChestBottom ([0.08036947, 0.33864725, 0.14225522])
Hip ([0.02847237, 0.019044261, 0.020655274])
ChestBottom ([0.08036947, 0.33864725, 0.14225522])
Hip ([0.02847237, 0.019044261, 0.020655274])
ChestBottom ([0.08036947, 0.33864725, 0.14225522])
Hip ([0.02847237, 0.019044261, 0.020655274])
ChestBottom ([0.07122989, 0.32885653, 0.15741973])
Hip ([0.02643799, 0.014540258, 0.026260508])
ChestBottom ([0.07122989, 0.32885653, 0.15741973])
Hip ([0.02643799, 0.014540258, 0.026260508])
ChestBottom ([0.07122989, 0.32885653, 0.15741973])
Hip ([0.02643799, 0.014540258, 0.026260508])
ChestBottom ([0.05759909, 0.32200193, 0.1691028])
Hip ([0.021935906, 0.010900762, 0.03162262])
ChestBottom ([0.026040364, 0.3231239, 0.1761554])
Hip ([0.014694776, 0.011145968, 0.03549409])
ChestBottom ([0.026040364, 0.3231239, 0.1761554])
Hip ([0.014694776, 0.011145968, 0.03549409])
ChestBottom ([-0.04700707, 0.31499198, 0.17661])
Hip ([-0.005694977, 0.0068856953, 0.03898916])
ChestBottom ([-0.04700707, 0.31499198, 0.17661])
Hip ([-0.025844619, -0.0036952053, 0.030305132])
ChestBottom ([-0.12659043, 0.28891706, 0.14800458])
Hip ([-0.025844619, -0.0036952053, 0.030305132])
ChestBottom ([-0.12659043, 0.28891706, 0.14800458])
Hip ([-0.025844619, -0.0036952053, 0.030305132])
ChestBottom ([-0.12659043, 0.28891706, 0.14800458])
Hip ([-0.025844619, -0.0036952053, 0.030305132])
ChestBottom ([-0.12659043, 0.28891706, 0.14800458])
Hip ([-0.025844619, -0.0036952053, 0.030305132])
ChestBottom ([-0.12659043, 0.28891706, 0.14800458])
Hip ([-0.025844619, -0.0036952053, 0.030305132])
ChestBottom ([-0.12659043, 0.28891706, 0.14800458])
Hip ([-0.025844619, -0.0036952053, 0.030305132])
ChestBottom ([-0.12659043, 0.28891706, 0.14800458])
Hip ([-0.025844619, -0.0036952053, 0.030305132])
ChestBottom ([-0.17424665, 0.25475192, 0.107673086])
Hip ([-0.03286301, -0.015649796, 0.01658634])
ChestBottom ([-0.17424665, 0.25475192, 0.107673086])
Hip ([-0.03286301, -0.015649796, 0.01658634])
ChestBottom ([-0.17424665, 0.25475192, 0.107673086])
Hip ([-0.03286301, -0.015649796, 0.01658634])
ChestBottom ([-0.19629708, 0.2184518, 0.073610716])
Hip ([-0.02959334, -0.02618795, 0.0061988435])
ChestBottom ([-0.20190497, 0.18767807, 0.055174485])
Hip ([-0.021958206, -0.033303548, 0.002951464])
ChestBottom ([-0.20190497, 0.18767807, 0.055174485])
Hip ([-0.021958206, -0.033303548, 0.002951464])
ChestBottom ([-0.20190497, 0.18767807, 0.055174485])
Hip ([-0.021958206, -0.033303548, 0.002951464])
ChestBottom ([-0.19935597, 0.1668509, 0.05611943])
Hip ([-0.014262022, -0.03663907, 0.0073602586])
ChestBottom ([-0.1944821, 0.1507416, 0.060995154])
Hip ([-0.006669079, -0.037148457, 0.0132482145])
ChestBottom ([-0.1944821, 0.1507416, 0.060995154])
Hip ([-0.006669079, -0.037148457, 0.0132482145])
ChestBottom ([-0.1944821, 0.1507416, 0.060995154])
Hip ([-0.006669079, -0.037148457, 0.0132482145])
ChestBottom ([-0.19224575, 0.15630789, 0.07361308])
Hip ([-0.0073394105, -0.0361216, 0.015535862])
ChestBottom ([-0.19224575, 0.15630789, 0.07361308])
Hip ([-0.0073394105, -0.0361216, 0.015535862])
ChestBottom ([-0.19224575, 0.15630789, 0.07361308])
Hip ([-0.0073394105, -0.0361216, 0.015535862])
ChestBottom ([-0.18085074, 0.16133496, 0.102266006])
Hip ([-0.0019209886, -0.031119611, 0.025057524])
ChestBottom ([-0.1469046, 0.2140773, 0.152624])
Hip ([0.002072191, -0.014428196, 0.037249606])
ChestBottom ([-0.1469046, 0.2140773, 0.152624])
Hip ([0.002072191, -0.014428196, 0.037249606])
ChestBottom ([-0.1469046, 0.2140773, 0.152624])
Hip ([0.002072191, -0.014428196, 0.037249606])
ChestBottom ([-0.13525648, 0.23547634, 0.1602034])
Hip ([-0.002962687, -0.008265057, 0.039024495])
ChestBottom ([-0.12163451, 0.25508142, 0.16556263])
Hip ([-0.002962687, -0.008265057, 0.039024495])
ChestBottom ([-0.12163451, 0.25508142, 0.16556263])
Hip ([-0.002962687, -0.008265057, 0.039024495])
ChestBottom ([-0.12163451, 0.25508142, 0.16556263])
Hip ([-0.002962687, -0.008265057, 0.039024495])
ChestBottom ([-0.12163451, 0.25508142, 0.16556263])
Hip ([-0.002962687, -0.008265057, 0.039024495])
ChestBottom ([-0.12163451, 0.25508142, 0.16556263])
Hip ([-0.002962687, -0.008265057, 0.039024495])
ChestBottom ([-0.12163451, 0.25508142, 0.16556263])
Hip ([-0.002962687, -0.008265057, 0.039024495])
ChestBottom ([-0.12163451, 0.25508142, 0.16556263])
Hip ([-0.002962687, -0.008265057, 0.039024495])
ChestBottom ([-0.129421, 0.25058463, 0.16072519])
Hip ([-0.0038200389, -0.009293026, 0.03871753])
ChestBottom ([-0.129421, 0.25058463, 0.16072519])
Hip ([-0.0038200389, -0.009293026, 0.03871753])
ChestBottom ([-0.129421, 0.25058463, 0.16072519])
Hip ([-0.0038200389, -0.009293026, 0.03871753])
ChestBottom ([-0.13038982, 0.2610845, 0.15548468])
Hip ([-0.0072101806, -0.0074106134, 0.038640603])
ChestBottom ([-0.14541273, 0.2736941, 0.1327459])
Hip ([-0.01537091, -0.005030886, 0.036584504])
ChestBottom ([-0.14541273, 0.2736941, 0.1327459])
Hip ([-0.01537091, -0.005030886, 0.036584504])
ChestBottom ([-0.14541273, 0.2736941, 0.1327459])
Hip ([-0.01537091, -0.005030886, 0.036584504])
ChestBottom ([-0.14541273, 0.2736941, 0.1327459])
Hip ([-0.01537091, -0.005030886, 0.036584504])
ChestBottom ([-0.11633789, 0.3060416, 0.13745883])
Hip ([-0.009355983, 0.0073146634, 0.038196348])
ChestBottom ([-0.11633789, 0.3060416, 0.13745883])
Hip ([-0.009355983, 0.0073146634, 0.038196348])
ChestBottom ([-0.11633789, 0.3060416, 0.13745883])
Hip ([-0.009355983, 0.0073146634, 0.038196348])
ChestBottom ([-0.09826224, 0.32972077, 0.12887228])
Hip ([-0.007021934, 0.015855847, 0.036045592])
ChestBottom ([-0.10670661, 0.32380134, 0.12824115])
Hip ([-0.008672156, 0.013721802, 0.03655825])
ChestBottom ([-0.10670661, 0.32380134, 0.12824115])
Hip ([-0.008672156, 0.013721802, 0.03655825])
ChestBottom ([-0.10670661, 0.32380134, 0.12824115])
Hip ([-0.008672156, 0.013721802, 0.03655825])
ChestBottom ([-0.105893396, 0.3344271, 0.115826234])
Hip ([-0.009905074, 0.017526878, 0.03456441])
ChestBottom ([-0.051182073, 0.38502073, 0.064910024])
Hip ([-0.004793814, 0.03512359, 0.018529776])
ChestBottom ([-0.051182073, 0.38502073, 0.064910024])
Hip ([-0.004793814, 0.03512359, 0.018529776])
ChestBottom ([-0.051182073, 0.38502073, 0.064910024])
Hip ([-0.004793814, 0.03512359, 0.018529776])
ChestBottom ([-0.051182073, 0.38502073, 0.064910024])
Hip ([-0.004793814, 0.03512359, 0.018529776])
ChestBottom ([-0.059630662, 0.38270417, 0.0640332])
Hip ([-0.0063581723, 0.034375723, 0.019439233])
ChestBottom ([-0.059630662, 0.38270417, 0.0640332])
Hip ([-0.0063581723, 0.034375723, 0.019439233])
ChestBottom ([-0.059630662, 0.38270417, 0.0640332])
Hip ([-0.0063581723, 0.034375723, 0.019439233])
ChestBottom ([-0.068008035, 0.37992525, 0.0634708])
Hip ([-0.0078210905, 0.033505388, 0.020401465])
ChestBottom ([-0.073212855, 0.37730676, 0.06535163])
Hip ([-0.008058741, 0.032825887, 0.021389674])
ChestBottom ([-0.073212855, 0.37730676, 0.06535163])
Hip ([-0.008058741, 0.032825887, 0.021389674])
ChestBottom ([-0.073212855, 0.37730676, 0.06535163])
Hip ([-0.008058741, 0.032825887, 0.021389674])
ChestBottom ([-0.0718499, 0.37842256, 0.06318114])
Hip ([-0.008016597, 0.033169523, 0.020869058])
ChestBottom ([-0.0718499, 0.37842256, 0.06318114])
Hip ([-0.008016597, 0.033169523, 0.020869058])
ChestBottom ([-0.0718499, 0.37842256, 0.06318114])
Hip ([-0.008016597, 0.033169523, 0.020869058])
ChestBottom ([-0.07107566, 0.37902713, 0.062049795])
Hip ([-0.007992801, 0.033355992, 0.020578947])
ChestBottom ([-0.03299108, 0.39517808, 0.034901056])
Hip ([-0.004088951, 0.03847237, 0.010156638])
ChestBottom ([-0.03299108, 0.39517808, 0.034901056])
Hip ([-0.004088951, 0.03847237, 0.010156638])
ChestBottom ([-0.03299108, 0.39517808, 0.034901056])
Hip ([-0.004088951, 0.03847237, 0.010156638])
ChestBottom ([-0.03299108, 0.39517808, 0.034901056])
Hip ([-0.004088951, 0.03847237, 0.010156638])
ChestBottom ([0.002004377, 0.39985168, 0.00635343])
Hip ([-9.201263E-4, 0.039987043, -4.3696337E-4])
ChestBottom ([0.002004377, 0.39985168, 0.00635343])
Hip ([-9.201263E-4, 0.039987043, -4.3696337E-4])
ChestBottom ([0.002004377, 0.39985168, 0.00635343])
Hip ([-9.201263E-4, 0.039987043, -4.3696337E-4])
ChestBottom ([0.0018490371, 0.399857, 0.0061298064])
Hip ([-9.477839E-4, 0.03998643, -4.3266587E-4])
ChestBottom ([0.0018490371, 0.399857, 0.0061298064])
Hip ([-9.477839E-4, 0.03998643, -4.3266587E-4])
ChestBottom ([0.0016337256, 0.39986372, 0.0058588567])
Hip ([-9.779825E-4, 0.039985742, -4.2927678E-4])
ChestBottom ([0.0016337256, 0.39986372, 0.0058588567])
Hip ([-9.779825E-4, 0.039985742, -4.2927678E-4])
ChestBottom ([0.0013540365, 0.39987054, 0.005623785])
Hip ([-0.0010034523, 0.03998516, -4.2432148E-4])
ChestBottom ([0.0013540365, 0.39987054, 0.005623785])
Hip ([-0.0010034523, 0.03998516, -4.2432148E-4])
ChestBottom ([0.0013540365, 0.39987054, 0.005623785])
Hip ([-0.0010034523, 0.03998516, -4.2432148E-4])
ChestBottom ([0.0011365511, 0.3998753, 0.005420498])
Hip ([-0.0010306952, 0.039984502, -4.2204864E-4])
ChestBottom ([0.0011481743, 0.39987946, 0.0055112992])
Hip ([-9.926809E-4, 0.03998585, -3.8333904E-4])
ChestBottom ([0.0011481743, 0.39987946, 0.0055112992])
Hip ([-9.926809E-4, 0.03998585, -3.8333904E-4])
ChestBottom ([9.926688E-4, 0.39988297, 0.005317186])
Hip ([-0.0010217382, 0.039985154, -3.7929436E-4])
ChestBottom ([5.7406403E-4, 0.39989132, 0.0049304944])
Hip ([-0.0010726632, 0.039983917, -3.6840202E-4])
ChestBottom ([7.3871814E-4, 0.39988834, 0.005078513])
Hip ([-0.0010496493, 0.039984472, -3.747504E-4])
ChestBottom ([7.3871814E-4, 0.39988834, 0.005078513])
Hip ([-0.0010496493, 0.039984472, -3.747504E-4])
ChestBottom ([7.3871814E-4, 0.39988834, 0.005078513])
Hip ([-0.0010496493, 0.039984472, -3.747504E-4])
ChestBottom ([7.3871814E-4, 0.39988834, 0.005078513])
Hip ([-0.0010496493, 0.039984472, -3.747504E-4])
ChestBottom ([7.3871814E-4, 0.39988834, 0.005078513])
Hip ([-0.0010496493, 0.039984472, -3.747504E-4])
ChestBottom ([5.7406403E-4, 0.39989132, 0.0049304944])
Hip ([-0.0010726632, 0.039983917, -3.6840202E-4])
ChestBottom ([5.7406403E-4, 0.39989132, 0.0049304944])
Hip ([-0.0010726632, 0.039983917, -3.6840202E-4])
ChestBottom ([5.7406403E-4, 0.39989132, 0.0049304944])
Hip ([-0.0010726632, 0.039983917, -3.6840202E-4])
ChestBottom ([5.7406403E-4, 0.39989132, 0.0049304944])
Hip ([-0.0010726632, 0.039983917, -3.6840202E-4])
ChestBottom ([5.7406403E-4, 0.39989132, 0.0049304944])
Hip ([-0.0010726632, 0.039983917, -3.6840202E-4])
ChestBottom ([5.7406403E-4, 0.39989132, 0.0049304944])
Hip ([-0.0010726632, 0.039983917, -3.6840202E-4])
ChestBottom ([5.7406403E-4, 0.39989132, 0.0049304944])
Hip ([-0.0010726632, 0.039983917, -3.6840202E-4])
ChestBottom ([5.7406403E-4, 0.39989132, 0.0049304944])
Hip ([-0.0010726632, 0.039983917, -3.6840202E-4])
ChestBottom ([-0.020264931, 0.39876524, 0.0115199005])
Hip ([-0.0043271407, 0.039567377, 0.003962226])
ChestBottom ([-0.020264931, 0.39876524, 0.0115199005])
Hip ([-0.0043271407, 0.039567377, 0.003962226])
ChestBottom ([-0.020264931, 0.39876524, 0.0115199005])
Hip ([-0.0043271407, 0.039567377, 0.003962226])
ChestBottom ([-0.01999596, 0.39880258, 0.0110235065])
Hip ([-0.0043202583, 0.03957867, 0.0038554121])
ChestBottom ([-0.019525638, 0.39887252, 0.010103423])
Hip ([-0.004297104, 0.039600875, 0.0036477027])
ChestBottom ([-0.019525638, 0.39887252, 0.010103423])
Hip ([-0.004297104, 0.039600875, 0.0036477027])
ChestBottom ([-0.019525638, 0.39887252, 0.010103423])
Hip ([-0.004297104, 0.039600875, 0.0036477027])
ChestBottom ([-0.019337896, 0.3989039, 0.009740466])
Hip ([-0.004283762, 0.039611448, 0.0035472857])
ChestBottom ([-0.019337896, 0.3989039, 0.009740466])
Hip ([-0.004283762, 0.039611448, 0.0035472857])
ChestBottom ([-0.019337896, 0.3989039, 0.009740466])
Hip ([-0.004283762, 0.039611448, 0.0035472857])
ChestBottom ([-0.019337896, 0.3989039, 0.009740466])
Hip ([-0.004283762, 0.039611448, 0.0035472857])
ChestBottom ([-0.019239184, 0.39891857, 0.009564219])
Hip ([-0.0042472556, 0.03961706, 0.003528355])
ChestBottom ([-0.019239184, 0.39891857, 0.009564219])
Hip ([-0.0042472556, 0.03961706, 0.003528355])
ChestBottom ([-0.019239184, 0.39891857, 0.009564219])
Hip ([-0.0042472556, 0.03961706, 0.003528355])
ChestBottom ([-0.019026725, 0.3989485, 0.009130161])
Hip ([-0.0042390362, 0.03962662, 0.0034296443])
ChestBottom ([-0.019026725, 0.3989485, 0.009130161])
Hip ([-0.0042390362, 0.03962662, 0.0034296443])
ChestBottom ([-0.01882049, 0.39897686, 0.008691869])
Hip ([-0.0042305733, 0.039635733, 0.0033333844])
ChestBottom ([-0.01882049, 0.39897686, 0.008691869])
Hip ([-0.0042305733, 0.039635733, 0.0033333844])
ChestBottom ([-0.044126973, 0.3947617, -0.004272666])
Hip ([-0.010922025, 0.038244408, 0.004251563])
ChestBottom ([-0.044126973, 0.3947617, -0.004272666])
Hip ([-0.010922025, 0.038244408, 0.004251563])
ChestBottom ([-0.044126973, 0.3947617, -0.004272666])
Hip ([-0.010922025, 0.038244408, 0.004251563])
ChestBottom ([-0.043341834, 0.3949473, -0.0042186235])
Hip ([-0.010740638, 0.038305525, 0.0041623656])
ChestBottom ([-0.043341834, 0.3949473, -0.0042186235])
Hip ([-0.010740638, 0.038305525, 0.0041623656])
ChestBottom ([-0.043341834, 0.3949473, -0.0042186235])
Hip ([-0.010740638, 0.038305525, 0.0041623656])
ChestBottom ([-0.043341834, 0.3949473, -0.0042186235])
Hip ([-0.010740638, 0.038305525, 0.0041623656])
ChestBottom ([-0.036720645, 0.3960342, 0.019392937])
Hip ([-0.0064036865, 0.03868928, 0.00788243])
ChestBottom ([-0.036720645, 0.3960342, 0.019392937])
Hip ([-0.0064036865, 0.03868928, 0.00788243])
ChestBottom ([-0.036720645, 0.3960342, 0.019392937])
Hip ([-0.0064036865, 0.03868928, 0.00788243])
ChestBottom ([-0.018767444, 0.39900914, 0.0066698743])
Hip ([-0.004472331, 0.03964036, 0.0029395914])
ChestBottom ([-0.018767444, 0.39900914, 0.0066698743])
Hip ([-0.004472331, 0.03964036, 0.0029395914])
ChestBottom ([-0.018767444, 0.39900914, 0.0066698743])
Hip ([-0.004472331, 0.03964036, 0.0029395914])
ChestBottom ([-0.018582199, 0.3990344, 0.006351386])
Hip ([-0.0044473023, 0.03964932, 0.0028554578])
ChestBottom ([-0.0181241, 0.3990826, 0.005756381])
Hip ([-0.004400554, 0.039665457, 0.0026994538])
ChestBottom ([-0.0181241, 0.3990826, 0.005756381])
Hip ([-0.004400554, 0.039665457, 0.0026994538])
ChestBottom ([-0.0181241, 0.3990826, 0.005756381])
Hip ([-0.004400554, 0.039665457, 0.0026994538])
ChestBottom ([-0.015955156, 0.3952254, 0.04556048])
Hip ([-0.008101335, 0.038737833, 0.0058094272])
ChestBottom ([-0.015955156, 0.3952254, 0.04556048])
Hip ([-0.008101335, 0.038737833, 0.0058094272])
ChestBottom ([-0.015955156, 0.3952254, 0.04556048])
Hip ([-0.008101335, 0.038737833, 0.0058094272])
ChestBottom ([-0.01589155, 0.39537334, 0.044773147])
Hip ([-0.0080062365, 0.03877877, 0.0056663146])
ChestBottom ([-0.03655131, 0.39527702, 0.027956368])
Hip ([-0.010015792, 0.038724437, -3.2001166E-4])
ChestBottom ([-0.03655131, 0.39527702, 0.027956368])
Hip ([-0.010015792, 0.038724437, -3.2001166E-4])
ChestBottom ([-0.03655131, 0.39527702, 0.027956368])
Hip ([-0.010015792, 0.038724437, -3.2001166E-4])
ChestBottom ([-0.035942957, 0.395427, 0.027519256])
Hip ([-0.009855473, 0.038765546, -3.2030462E-4])
ChestBottom ([-0.03481532, 0.395711, 0.026620902])
Hip ([-0.00954843, 0.038842287, -3.221315E-4])
ChestBottom ([-0.03481532, 0.395711, 0.026620902])
Hip ([-0.00954843, 0.038842287, -3.221315E-4])
ChestBottom ([-0.03481532, 0.395711, 0.026620902])
Hip ([-0.00954843, 0.038842287, -3.221315E-4])
ChestBottom ([-0.034288857, 0.39584094, 0.026252229])
Hip ([-0.009395766, 0.03887953, -3.2043277E-4])
ChestBottom ([-0.023477076, 0.39672977, 0.03183464])
Hip ([-0.007860555, 0.039161153, 0.0021484399])
ChestBottom ([-0.023477076, 0.39672977, 0.03183464])
Hip ([-0.007860555, 0.039161153, 0.0021484399])
ChestBottom ([-0.023477076, 0.39672977, 0.03183464])
Hip ([-0.007860555, 0.039161153, 0.0021484399])
ChestBottom ([-0.024691405, 0.39840043, 0.00425274])
Hip ([-0.004517078, 0.039584517, -0.0035584895])
ChestBottom ([-0.024691405, 0.39840043, 0.00425274])
Hip ([-0.004517078, 0.039584517, -0.0035584895])
ChestBottom ([-0.024691405, 0.39840043, 0.00425274])
Hip ([-0.004517078, 0.039584517, -0.0035584895])
ChestBottom ([-0.02441546, 0.39843485, 0.004405816])
Hip ([-0.0044992, 0.039593693, -0.0034781045])
ChestBottom ([-0.022763023, 0.39699155, 0.030309701])
Hip ([-0.007559839, 0.03922968, 0.0019700348])
ChestBottom ([-0.022763023, 0.39699155, 0.030309701])
Hip ([-0.007559839, 0.03922968, 0.0019700348])
ChestBottom ([-0.022763023, 0.39699155, 0.030309701])
Hip ([-0.007559839, 0.03922968, 0.0019700348])
ChestBottom ([-0.022530619, 0.3970669, 0.029923229])
Hip ([-0.007461512, 0.039250743, 0.0019249677])
ChestBottom ([-0.022530619, 0.3970669, 0.029923229])
Hip ([-0.007461512, 0.039250743, 0.0019249677])
ChestBottom ([-0.022530619, 0.3970669, 0.029923229])
Hip ([-0.007461512, 0.039250743, 0.0019249677])
ChestBottom ([-0.022335032, 0.39710563, 0.029728785])
Hip ([-0.0074151563, 0.03925962, 0.0019230797])
ChestBottom ([-0.02197483, 0.3972208, 0.029033866])
Hip ([-0.0072786603, 0.039288107, 0.0018616604])
ChestBottom ([-0.02197483, 0.3972208, 0.029033866])
Hip ([-0.0072786603, 0.039288107, 0.0018616604])
ChestBottom ([-0.02197483, 0.3972208, 0.029033866])
Hip ([-0.0072786603, 0.039288107, 0.0018616604])
ChestBottom ([-0.021734253, 0.39729393, 0.028589126])
Hip ([-0.0071868356, 0.039307505, 0.0018084067])
ChestBottom ([-0.021547312, 0.39736596, 0.028104307])
Hip ([-0.0070998715, 0.039326012, 0.0017485978])
ChestBottom ([-0.021547312, 0.39736596, 0.028104307])
Hip ([-0.0070998715, 0.039326012, 0.0017485978])
ChestBottom ([-0.021547312, 0.39736596, 0.028104307])
Hip ([-0.0070998715, 0.039326012, 0.0017485978])
ChestBottom ([-0.021547312, 0.39736596, 0.028104307])
Hip ([-0.0070998715, 0.039326012, 0.0017485978])
ChestBottom ([-0.0213809, 0.3974319, 0.027681148])
Hip ([-0.0070144404, 0.039343562, 0.001697709])
ChestBottom ([-0.0213809, 0.3974319, 0.027681148])
Hip ([-0.0070144404, 0.039343562, 0.001697709])
ChestBottom ([-0.0213809, 0.3974319, 0.027681148])
Hip ([-0.0070144404, 0.039343562, 0.001697709])
ChestBottom ([-0.021209458, 0.39749455, 0.027252052])
Hip ([-0.006935412, 0.03935992, 0.0016422191])
ChestBottom ([-0.021082321, 0.39755738, 0.026793502])
Hip ([-0.006857562, 0.039375857, 0.0015864226])
ChestBottom ([-0.021082321, 0.39755738, 0.026793502])
Hip ([-0.006857562, 0.039375857, 0.0015864226])
ChestBottom ([-0.021082321, 0.39755738, 0.026793502])
Hip ([-0.006857562, 0.039375857, 0.0015864226])
ChestBottom ([-0.020958377, 0.397615, 0.026384119])
Hip ([-0.006781859, 0.03939105, 0.0015337095])
ChestBottom ([-0.020958377, 0.397615, 0.026384119])
Hip ([-0.006781859, 0.03939105, 0.0015337095])
ChestBottom ([-0.020958377, 0.397615, 0.026384119])
Hip ([-0.006781859, 0.03939105, 0.0015337095])
ChestBottom ([-0.02081283, 0.3976738, 0.025950126])
Hip ([-0.006706439, 0.039405975, 0.0014810076])
ChestBottom ([-0.02081283, 0.3976738, 0.025950126])
Hip ([-0.006706439, 0.039405975, 0.0014810076])
ChestBottom ([-0.02081283, 0.3976738, 0.025950126])
Hip ([-0.006706439, 0.039405975, 0.0014810076])
ChestBottom ([-0.02081283, 0.3976738, 0.025950126])
Hip ([-0.006706439, 0.039405975, 0.0014810076])
ChestBottom ([-0.02081053, 0.39765412, 0.026112262])
Hip ([-0.006737609, 0.03939883, 0.0015288597])
ChestBottom ([-0.02081053, 0.39765412, 0.026112262])
Hip ([-0.006737609, 0.03939883, 0.0015288597])
ChestBottom ([-0.02081053, 0.39765412, 0.026112262])
Hip ([-0.006737609, 0.03939883, 0.0015288597])
ChestBottom ([-0.020634795, 0.39768824, 0.025927441])
Hip ([-0.006690892, 0.03940681, 0.0015280627])
ChestBottom ([-0.020501344, 0.39774507, 0.025492981])
Hip ([-0.0066176504, 0.039421286, 0.0014729467])
ChestBottom ([-0.020501344, 0.39774507, 0.025492981])
Hip ([-0.0066176504, 0.039421286, 0.0014729467])
ChestBottom ([-0.020501344, 0.39774507, 0.025492981])
Hip ([-0.0066176504, 0.039421286, 0.0014729467])
ChestBottom ([-0.020344984, 0.39777422, 0.025363646])
Hip ([-0.0065709017, 0.039429136, 0.0014721312])
ChestBottom ([-0.020224959, 0.39784494, 0.024798777])
Hip ([-0.0064723305, 0.039448753, 0.0013802251])
ChestBottom ([-0.020224959, 0.39784494, 0.024798777])
Hip ([-0.0064723305, 0.039448753, 0.0013802251])
ChestBottom ([-0.020224959, 0.39784494, 0.024798777])
Hip ([-0.0064723305, 0.039448753, 0.0013802251])
ChestBottom ([-0.020224959, 0.39784494, 0.024798777])
Hip ([-0.0064723305, 0.039448753, 0.0013802251])
ChestBottom ([-0.020023894, 0.39785373, 0.02491249])
Hip ([-0.0064463494, 0.039451245, 0.0014295822])
ChestBottom ([-0.020023894, 0.39785373, 0.02491249])
Hip ([-0.0064463494, 0.039451245, 0.0014295822])
ChestBottom ([-0.01982371, 0.39788452, 0.024774855])
Hip ([-0.0063969907, 0.03945923, 0.0014310101])
ChestBottom ([-0.01982371, 0.39788452, 0.024774855])
Hip ([-0.0062662885, 0.03948372, 0.0013306189])
ChestBottom ([-0.01975883, 0.39792758, 0.02445316])
Hip ([-0.006330912, 0.039471734, 0.0013793415])
ChestBottom ([-0.01975883, 0.39792758, 0.02445316])
Hip ([-0.006330912, 0.039471734, 0.0013793415])
ChestBottom ([-0.01975883, 0.39792758, 0.02445316])
Hip ([-0.006330912, 0.039471734, 0.0013793415])
ChestBottom ([-0.01975883, 0.39792758, 0.02445316])
Hip ([-0.006330912, 0.039471734, 0.0013793415])
ChestBottom ([-0.01975883, 0.39792758, 0.02445316])
Hip ([-0.006330912, 0.039471734, 0.0013793415])
ChestBottom ([-0.01962497, 0.39797336, 0.024093114])
Hip ([-0.0062662885, 0.03948372, 0.0013306189])
ChestBottom ([-0.01962497, 0.39797336, 0.024093114])
Hip ([-0.0062662885, 0.03948372, 0.0013306189])
ChestBottom ([-0.01962497, 0.39797336, 0.024093114])
Hip ([-0.0062662885, 0.03948372, 0.0013306189])
ChestBottom ([-0.01962497, 0.39797336, 0.024093114])
Hip ([-0.0062662885, 0.03948372, 0.0013306189])
ChestBottom ([-0.01962497, 0.39797336, 0.024093114])
Hip ([-0.0062662885, 0.03948372, 0.0013306189])
ChestBottom ([-0.01962497, 0.39797336, 0.024093114])
Hip ([-0.0062662885, 0.03948372, 0.0013306189])
ChestBottom ([-0.01962497, 0.39797336, 0.024093114])
Hip ([-0.0062662885, 0.03948372, 0.0013306189])
ChestBottom ([-0.01962497, 0.39797336, 0.024093114])
Hip ([-0.006095638, 0.03951341, 0.0012386274])
ChestBottom ([-0.019500496, 0.39801437, 0.023802942])
Hip ([-0.0062015057, 0.039495334, 0.0012883112])
ChestBottom ([-0.019500496, 0.39801437, 0.023802942])
Hip ([-0.0062015057, 0.039495334, 0.0012883112])
ChestBottom ([-0.019500496, 0.39801437, 0.023802942])
Hip ([-0.0062015057, 0.039495334, 0.0012883112])
ChestBottom ([-0.019500496, 0.39801437, 0.023802942])
Hip ([-0.0062015057, 0.039495334, 0.0012883112])
ChestBottom ([-0.019500496, 0.39801437, 0.023802942])
Hip ([-0.0062015057, 0.039495334, 0.0012883112])
ChestBottom ([-0.019355781, 0.3980411, 0.023678947])
Hip ([-0.00615491, 0.039502688, 0.0012863233])
ChestBottom ([-0.019355781, 0.3980411, 0.023678947])
Hip ([-0.00615491, 0.039502688, 0.0012863233])
ChestBottom ([-0.01923103, 0.39806283, 0.023572423])
Hip ([-0.006117631, 0.03950853, 0.0012847543])
ChestBottom ([-0.01923103, 0.39806283, 0.023572423])
Hip ([-0.006117631, 0.03950853, 0.0012847543])
ChestBottom ([-0.01923103, 0.39806283, 0.023572423])
Hip ([-0.006117631, 0.03950853, 0.0012847543])
ChestBottom ([-0.01910396, 0.3980909, 0.023408977])
Hip ([-0.0060731517, 0.039515458, 0.0012828143])
ChestBottom ([-0.018930357, 0.39811847, 0.023259774])
Hip ([-0.006028676, 0.039522335, 0.0012808087])
ChestBottom ([-0.018930357, 0.39811847, 0.023259774])
Hip ([-0.006028676, 0.039522335, 0.0012808087])
ChestBottom ([-0.018930357, 0.39811847, 0.023259774])
Hip ([-0.006028676, 0.039522335, 0.0012808087])
ChestBottom ([-0.018930357, 0.39811847, 0.023259774])
Hip ([-0.006028676, 0.039522335, 0.0012808087])
ChestBottom ([-0.018930357, 0.39811847, 0.023259774])
Hip ([-0.006028676, 0.039522335, 0.0012808087])
ChestBottom ([-0.018930357, 0.39811847, 0.023259774])
Hip ([-0.006028676, 0.039522335, 0.0012808087])
ChestBottom ([-0.018930357, 0.39811847, 0.023259774])
Hip ([-0.006028676, 0.039522335, 0.0012808087])
ChestBottom ([-0.018930357, 0.39811847, 0.023259774])
Hip ([-0.006028676, 0.039522335, 0.0012808087])
ChestBottom ([-0.018771809, 0.39814317, 0.023175223])
Hip ([-0.005979966, 0.03952962, 0.0012843284])
ChestBottom ([-0.018771809, 0.39814317, 0.023175223])
Hip ([-0.005979966, 0.03952962, 0.0012843284])
ChestBottom ([-0.018771809, 0.39814317, 0.023175223])
Hip ([-0.005979966, 0.03952962, 0.0012843284])
ChestBottom ([-0.018632634, 0.39817783, 0.022883164])
Hip ([-0.005928508, 0.039538834, 0.0012384935])
ChestBottom ([-0.018473689, 0.3982476, 0.0223141])
Hip ([-0.0058152685, 0.039558165, 0.0011554557])
ChestBottom ([-0.018473689, 0.3982476, 0.0223141])
Hip ([-0.0058152685, 0.039558165, 0.0011554557])
ChestBottom ([-0.018473689, 0.3982476, 0.0223141])
Hip ([-0.0058152685, 0.039558165, 0.0011554557])
ChestBottom ([-0.018440977, 0.39827743, 0.022029681])
Hip ([-0.0057700444, 0.03956596, 0.0011144495])
ChestBottom ([-0.018429717, 0.39832476, 0.021526285])
Hip ([-0.005700565, 0.039578155, 0.0010359427])
ChestBottom ([-0.018429717, 0.39832476, 0.021526285])
Hip ([-0.005700565, 0.039578155, 0.0010359427])
ChestBottom ([-0.018429717, 0.39832476, 0.021526285])
Hip ([-0.005700565, 0.039578155, 0.0010359427])
ChestBottom ([-0.01835866, 0.39835045, 0.021284502])
Hip ([-0.005659242, 0.039585073, 9.976622E-4])
ChestBottom ([-0.018383661, 0.39834687, 0.021267805])
Hip ([-0.0056719747, 0.039583288, 9.961495E-4])
ChestBottom ([-0.018383661, 0.39834687, 0.021267805])
Hip ([-0.0056719747, 0.039583288, 9.961495E-4])
ChestBottom ([-0.018383661, 0.39834687, 0.021267805])
Hip ([-0.0056719747, 0.039583288, 9.961495E-4])
ChestBottom ([-0.018383661, 0.39834687, 0.021267805])
Hip ([-0.0056719747, 0.039583288, 9.961495E-4])
ChestBottom ([-0.018236198, 0.39838266, 0.021041878])
Hip ([-0.0056011355, 0.03959415, 9.650041E-4])
ChestBottom ([-0.018236198, 0.39838266, 0.021041878])
Hip ([-0.0056011355, 0.03959415, 9.650041E-4])
ChestBottom ([-0.018236198, 0.39838266, 0.021041878])
Hip ([-0.0056011355, 0.03959415, 9.650041E-4])
ChestBottom ([-0.018165153, 0.39840806, 0.020787463])
Hip ([-0.0055618933, 0.039600577, 9.2744915E-4])
ChestBottom ([-0.018113047, 0.39845395, 0.020307226])
Hip ([-0.005487455, 0.03961258, 8.5574895E-4])
ChestBottom ([-0.018113047, 0.39845395, 0.020307226])
Hip ([-0.005487455, 0.03961258, 8.5574895E-4])
ChestBottom ([-0.018113047, 0.39845395, 0.020307226])
Hip ([-0.005487455, 0.03961258, 8.5574895E-4])
ChestBottom ([-0.017982056, 0.39848167, 0.020071981])
Hip ([-0.005440018, 0.039619718, 8.270799E-4])
ChestBottom ([-0.017917247, 0.3985049, 0.019857137])
Hip ([-0.0053972183, 0.039626297, 7.91883E-4])
ChestBottom ([-0.017917247, 0.3985049, 0.019857137])
Hip ([-0.0053972183, 0.039626297, 7.91883E-4])
ChestBottom ([-0.017917247, 0.3985049, 0.019857137])
Hip ([-0.0053972183, 0.039626297, 7.91883E-4])
ChestBottom ([-0.017867591, 0.39852574, 0.019638479])
Hip ([-0.0053617107, 0.03963179, 7.575148E-4])
ChestBottom ([-0.017846635, 0.39854455, 0.019436255])
Hip ([-0.0053281495, 0.039636925, 7.248549E-4])
ChestBottom ([-0.017846635, 0.39854455, 0.019436255])
Hip ([-0.0053281495, 0.039636925, 7.248549E-4])
ChestBottom ([-0.017846635, 0.39854455, 0.019436255])
Hip ([-0.0053281495, 0.039636925, 7.248549E-4])
ChestBottom ([-0.017812615, 0.39856347, 0.01922757])
Hip ([-0.0052960953, 0.039641783, 6.9397E-4])
ChestBottom ([-0.017812615, 0.39856347, 0.01922757])
Hip ([-0.0052960953, 0.039641783, 6.9397E-4])
ChestBottom ([-0.017812615, 0.39856347, 0.01922757])
Hip ([-0.0052960953, 0.039641783, 6.9397E-4])
ChestBottom ([-0.017812615, 0.39856347, 0.01922757])
Hip ([-0.0052960953, 0.039641783, 6.9397E-4])
ChestBottom ([-0.017812615, 0.39856347, 0.01922757])
Hip ([-0.0052960953, 0.039641783, 6.9397E-4])
ChestBottom ([-0.017812615, 0.39856347, 0.01922757])
Hip ([-0.0052960953, 0.039641783, 6.9397E-4])
ChestBottom ([-0.017812615, 0.39856347, 0.01922757])
Hip ([-0.0052960953, 0.039641783, 6.9397E-4])
ChestBottom ([-0.018102951, 0.39849675, 0.019779194])
Hip ([-0.005416392, 0.039624427, 7.5361953E-4])
ChestBottom ([-0.018102951, 0.39849675, 0.019779194])
Hip ([-0.005416392, 0.039624427, 7.5361953E-4])
ChestBottom ([-0.018102951, 0.39849675, 0.019779194])
Hip ([-0.005416392, 0.039624427, 7.5361953E-4])
ChestBottom ([-0.017785776, 0.3985889, 0.018914284])
Hip ([-0.0052507687, 0.039648794, 6.3511176E-4])
ChestBottom ([-0.017785776, 0.3985889, 0.018914284])
Hip ([-0.0052507687, 0.039648794, 6.3511176E-4])
ChestBottom ([-0.017785776, 0.3985889, 0.018914284])
Hip ([-0.0052507687, 0.039648794, 6.3511176E-4])
ChestBottom ([-0.017704966, 0.3986076, 0.018729951])
Hip ([-0.005216894, 0.039653674, 6.0877856E-4])
ChestBottom ([-0.017469756, 0.39867777, 0.018014261])
Hip ([-0.005083595, 0.039672498, 5.0088466E-4])
ChestBottom ([-0.017469756, 0.39867777, 0.018014261])
Hip ([-0.005083595, 0.039672498, 5.0088466E-4])
ChestBottom ([-0.017469756, 0.39867777, 0.018014261])
Hip ([-0.005083595, 0.039672498, 5.0088466E-4])
ChestBottom ([-0.017385675, 0.3986964, 0.01782066])
Hip ([-0.005050142, 0.03967707, 4.7592996E-4])
ChestBottom ([-0.017427757, 0.39871356, 0.01760438])
Hip ([-0.005017616, 0.03968152, 4.4860825E-4])
ChestBottom ([-0.017427757, 0.39871356, 0.01760438])
Hip ([-0.005017616, 0.03968152, 4.4860825E-4])
ChestBottom ([-0.017427757, 0.39871356, 0.01760438])
Hip ([-0.005017616, 0.03968152, 4.4860825E-4])
ChestBottom ([-0.017351838, 0.3987308, 0.017404897])
Hip ([-0.0049864124, 0.039685767, 4.1894257E-4])
ChestBottom ([-0.017455468, 0.39872038, 0.0174616])
Hip ([-0.0050053904, 0.03968343, 4.147029E-4])
ChestBottom ([-0.017455468, 0.39872038, 0.0174616])
Hip ([-0.0050053904, 0.03968343, 4.147029E-4])
ChestBottom ([-0.017455468, 0.39872038, 0.0174616])
Hip ([-0.0050053904, 0.03968343, 4.147029E-4])
ChestBottom ([-0.017430754, 0.3987357, 0.017283313])
Hip ([-0.0049070925, 0.039696276, 3.5521967E-4])
ChestBottom ([-0.017330261, 0.3987423, 0.017300276])
Hip ([-0.004957932, 0.03968955, 3.98823E-4])
ChestBottom ([-0.017330261, 0.3987423, 0.017300276])
Hip ([-0.004957932, 0.03968955, 3.98823E-4])
ChestBottom ([-0.017330261, 0.3987423, 0.017300276])
Hip ([-0.004957932, 0.03968955, 3.98823E-4])
ChestBottom ([-0.017330261, 0.3987423, 0.017300276])
Hip ([-0.004957932, 0.03968955, 3.98823E-4])
ChestBottom ([-0.017330261, 0.3987423, 0.017300276])
Hip ([-0.004957932, 0.03968955, 3.98823E-4])
ChestBottom ([-0.017309437, 0.39875367, 0.017169952])
Hip ([-0.0049345503, 0.039692663, 3.7889613E-4])
ChestBottom ([-0.017309437, 0.39875367, 0.017169952])
Hip ([-0.0049345503, 0.039692663, 3.7889613E-4])
ChestBottom ([-0.017219827, 0.39878154, 0.016851654])
Hip ([-0.004878359, 0.03970003, 3.303726E-4])
ChestBottom ([-0.017219827, 0.39878154, 0.016851654])
Hip ([-0.004878359, 0.03970003, 3.303726E-4])
ChestBottom ([-0.017219827, 0.39878154, 0.016851654])
Hip ([-0.004878359, 0.03970003, 3.303726E-4])
ChestBottom ([-0.017197063, 0.39879358, 0.016717834])
Hip ([-0.004853607, 0.039703194, 3.1442463E-4])
ChestBottom ([-0.017197063, 0.39879358, 0.016717834])
Hip ([-0.004853607, 0.039703194, 3.1442463E-4])
ChestBottom ([-0.017197063, 0.39879358, 0.016717834])
Hip ([-0.004853607, 0.039703194, 3.1442463E-4])
ChestBottom ([-0.017197063, 0.39879358, 0.016717834])
Hip ([-0.004853607, 0.039703194, 3.1442463E-4])
ChestBottom ([-0.01717075, 0.3988071, 0.016521543])
Hip ([-0.004832004, 0.039706036, 2.8873188E-4])
ChestBottom ([-0.01717075, 0.3988071, 0.016521543])
Hip ([-0.004832004, 0.039706036, 2.8873188E-4])
ChestBottom ([-0.01717075, 0.3988071, 0.016521543])
Hip ([-0.004832004, 0.039706036, 2.8873188E-4])
ChestBottom ([-0.017097138, 0.39881822, 0.016395101])
Hip ([-0.0047715297, 0.03971368, 2.3712947E-4])
ChestBottom ([-0.0170386, 0.39882702, 0.016317192])
Hip ([-0.0047911066, 0.039711185, 2.5854958E-4])
ChestBottom ([-0.0170386, 0.39882702, 0.016317192])
Hip ([-0.0047911066, 0.039711185, 2.5854958E-4])
ChestBottom ([-0.0170386, 0.39882702, 0.016317192])
Hip ([-0.0047911066, 0.039711185, 2.5854958E-4])
ChestBottom ([-0.0170386, 0.39882702, 0.016317192])
Hip ([-0.0047911066, 0.039711185, 2.5854958E-4])
ChestBottom ([-0.016993409, 0.39883393, 0.016247485])
Hip ([-0.0047715297, 0.03971368, 2.3712947E-4])
ChestBottom ([-0.016993409, 0.39883393, 0.016247485])
Hip ([-0.0047715297, 0.03971368, 2.3712947E-4])
ChestBottom ([-0.016993409, 0.39883393, 0.016247485])
Hip ([-0.0047715297, 0.03971368, 2.3712947E-4])
ChestBottom ([-0.017013397, 0.3988378, 0.016142689])
Hip ([-0.0047667604, 0.039714377, 2.1659896E-4])
ChestBottom ([-0.017013397, 0.3988378, 0.016142689])
Hip ([-0.0047667604, 0.039714377, 2.1659896E-4])
ChestBottom ([-0.017013397, 0.3988378, 0.016142689])
Hip ([-0.0047667604, 0.039714377, 2.1659896E-4])
ChestBottom ([-0.017013397, 0.3988378, 0.016142689])
Hip ([-0.0047667604, 0.039714377, 2.1659896E-4])
ChestBottom ([-0.017013397, 0.3988378, 0.016142689])
Hip ([-0.0047667604, 0.039714377, 2.1659896E-4])
ChestBottom ([-0.017013397, 0.3988378, 0.016142689])
Hip ([-0.0047667604, 0.039714377, 2.1659896E-4])
ChestBottom ([-0.017013397, 0.3988378, 0.016142689])
Hip ([-0.0047667604, 0.039714377, 2.1659896E-4])
ChestBottom ([-0.01704424, 0.3988428, 0.016062308])
Hip ([-0.0047531724, 0.039716095, 1.9938618E-4])
ChestBottom ([-0.01704424, 0.3988428, 0.016062308])
Hip ([-0.0047531724, 0.039716095, 1.9938618E-4])
ChestBottom ([-0.01704424, 0.3988428, 0.016062308])
Hip ([-0.0047531724, 0.039716095, 1.9938618E-4])
ChestBottom ([-0.016967842, 0.3988762, 0.01563556])
Hip ([-0.004684168, 0.039724544, 1.4046057E-4])
ChestBottom ([-0.016984794, 0.39886647, 0.015749592])
Hip ([-0.0047082733, 0.03972162, 1.6003325E-4])
ChestBottom ([-0.016984794, 0.39886647, 0.015749592])
Hip ([-0.0047082733, 0.03972162, 1.6003325E-4])
ChestBottom ([-0.016984794, 0.39886647, 0.015749592])
Hip ([-0.0047082733, 0.03972162, 1.6003325E-4])
ChestBottom ([-0.016984794, 0.39886647, 0.015749592])
Hip ([-0.0047082733, 0.03972162, 1.6003325E-4])
ChestBottom ([-0.016984794, 0.39886647, 0.015749592])
Hip ([-0.0047082733, 0.03972162, 1.6003325E-4])
ChestBottom ([-0.016967842, 0.3988762, 0.01563556])
Hip ([-0.004684168, 0.039724544, 1.4046057E-4])
ChestBottom ([-0.016951777, 0.39888114, 0.015566767])
Hip ([-0.004668405, 0.039726462, 1.1802554E-4])
ChestBottom ([-0.016989581, 0.39887244, 0.015654607])
Hip ([-0.004692184, 0.03972361, 1.3700947E-4])
ChestBottom ([-0.016989581, 0.39887244, 0.015654607])
Hip ([-0.004692184, 0.03972361, 1.3700947E-4])
ChestBottom ([-0.016989581, 0.39887244, 0.015654607])
Hip ([-0.004692184, 0.03972361, 1.3700947E-4])
ChestBottom ([-0.016989581, 0.39887244, 0.015654607])
Hip ([-0.004692184, 0.03972361, 1.3700947E-4])
ChestBottom ([-0.016989581, 0.39887244, 0.015654607])
Hip ([-0.004692184, 0.03972361, 1.3700947E-4])
ChestBottom ([-0.016951777, 0.39888114, 0.015566767])
Hip ([-0.004668405, 0.039726462, 1.1802554E-4])
ChestBottom ([-0.016951777, 0.39888114, 0.015566767])
Hip ([-0.004668405, 0.039726462, 1.1802554E-4])
ChestBottom ([-0.016951777, 0.39888114, 0.015566767])
Hip ([-0.004668405, 0.039726462, 1.1802554E-4])
ChestBottom ([-0.016951777, 0.39888114, 0.015566767])
Hip ([-0.004668405, 0.039726462, 1.1802554E-4])
ChestBottom ([-0.016951777, 0.39888114, 0.015566767])
Hip ([-0.004668405, 0.039726462, 1.1802554E-4])
ChestBottom ([-0.016951777, 0.39888114, 0.015566767])
Hip ([-0.004668405, 0.039726462, 1.1802554E-4])
ChestBottom ([-0.016951777, 0.39888114, 0.015566767])
Hip ([-0.004668405, 0.039726462, 1.1802554E-4])
ChestBottom ([-0.016951777, 0.39888114, 0.015566767])
Hip ([-0.004668405, 0.039726462, 1.1802554E-4])
ChestBottom ([-0.016949108, 0.39887676, 0.015617253])
Hip ([-0.004682228, 0.03972481, 1.3115138E-4])
ChestBottom ([-0.016949108, 0.39887676, 0.015617253])
Hip ([-0.004682228, 0.03972481, 1.3115138E-4])
ChestBottom ([-0.016949108, 0.39887676, 0.015617253])
Hip ([-0.004682228, 0.03972481, 1.3115138E-4])
ChestBottom ([-0.016925244, 0.39888653, 0.015501228])
Hip ([-0.004658761, 0.039727617, 1.1232585E-4])
ChestBottom ([-0.016860522, 0.39889008, 0.015471219])
Hip ([-0.004653844, 0.039728202, 1.09089015E-4])
ChestBottom ([-0.016860522, 0.39889008, 0.015471219])
Hip ([-0.004653844, 0.039728202, 1.09089015E-4])
ChestBottom ([-0.016860522, 0.39889008, 0.015471219])
Hip ([-0.004653844, 0.039728202, 1.09089015E-4])
ChestBottom ([-0.016860522, 0.39889008, 0.015471219])
Hip ([-0.004653844, 0.039728202, 1.09089015E-4])
ChestBottom ([-0.016860522, 0.39889008, 0.015471219])
Hip ([-0.004653844, 0.039728202, 1.09089015E-4])
ChestBottom ([-0.016860522, 0.39889008, 0.015471219])
Hip ([-0.004653844, 0.039728202, 1.09089015E-4])
ChestBottom ([-0.016860522, 0.39889008, 0.015471219])
Hip ([-0.004653844, 0.039728202, 1.09089015E-4])
ChestBottom ([-0.016860522, 0.39889008, 0.015471219])
Hip ([-0.004653844, 0.039728202, 1.09089015E-4])
ChestBottom ([-0.016860522, 0.39889008, 0.015471219])
Hip ([-0.004653844, 0.039728202, 1.09089015E-4])
ChestBottom ([-0.016860522, 0.39889008, 0.015471219])
Hip ([-0.004653844, 0.039728202, 1.09089015E-4])
ChestBottom ([-0.016860522, 0.39889008, 0.015471219])
Hip ([-0.004653844, 0.039728202, 1.09089015E-4])
ChestBottom ([-0.01690751, 0.39889282, 0.015415258])
Hip ([-0.0046488917, 0.039728794, 1.0563776E-4])
ChestBottom ([-0.01690751, 0.39889282, 0.015415258])
Hip ([-0.0046488917, 0.039728794, 1.0563776E-4])
ChestBottom ([-0.01690751, 0.39889282, 0.015415258])
Hip ([-0.0046488917, 0.039728794, 1.0563776E-4])
ChestBottom ([-0.01690751, 0.39889282, 0.015415258])
Hip ([-0.0046488917, 0.039728794, 1.0563776E-4])
ChestBottom ([-0.01690751, 0.39889282, 0.015415258])
Hip ([-0.0046488917, 0.039728794, 1.0563776E-4])
ChestBottom ([-0.01690751, 0.39889282, 0.015415258])
Hip ([-0.0046488917, 0.039728794, 1.0563776E-4])
ChestBottom ([-0.01690751, 0.39889282, 0.015415258])
Hip ([-0.0046488917, 0.039728794, 1.0563776E-4])
ChestBottom ([-0.01690751, 0.39889282, 0.015415258])
Hip ([-0.0046488917, 0.039728794, 1.0563776E-4])
ChestBottom ([-0.01690751, 0.39889282, 0.015415258])
Hip ([-0.0046488917, 0.039728794, 1.0563776E-4])
ChestBottom ([-0.01690751, 0.39889282, 0.015415258])
Hip ([-0.0046488917, 0.039728794, 1.0563776E-4])
ChestBottom ([-0.01690751, 0.39889282, 0.015415258])
Hip ([-0.0046488917, 0.039728794, 1.0563776E-4])
ChestBottom ([-0.01690751, 0.39889282, 0.015415258])
Hip ([-0.0046488917, 0.039728794, 1.0563776E-4])
ChestBottom ([-0.01690751, 0.39889282, 0.015415258])
Hip ([-0.0046488917, 0.039728794, 1.0563776E-4])
ChestBottom ([-0.01690751, 0.39889282, 0.015415258])
Hip ([-0.0046488917, 0.039728794, 1.0563776E-4])
ChestBottom ([-0.01690751, 0.39889282, 0.015415258])
Hip ([-0.0046488917, 0.039728794, 1.0563776E-4])
ChestBottom ([-0.01690751, 0.39889282, 0.015415258])
Hip ([-0.0046488917, 0.039728794, 1.0563776E-4])
ChestBottom ([-0.01690751, 0.39889282, 0.015415258])
Hip ([-0.0046488917, 0.039728794, 1.0563776E-4])
ChestBottom ([-0.01690751, 0.39889282, 0.015415258])
Hip ([-0.0046488917, 0.039728794, 1.0563776E-4])
ChestBottom ([-0.01690751, 0.39889282, 0.015415258])
Hip ([-0.0046488917, 0.039728794, 1.0563776E-4])
ChestBottom ([-0.01690751, 0.39889282, 0.015415258])
Hip ([-0.0046488917, 0.039728794, 1.0563776E-4])
ChestBottom ([-0.01690751, 0.39889282, 0.015415258])
Hip ([-0.0046488917, 0.039728794, 1.0563776E-4])
ChestBottom ([-0.01690751, 0.39889282, 0.015415258])
Hip ([-0.0046488917, 0.039728794, 1.0563776E-4])
ChestBottom ([-0.01690751, 0.39889282, 0.015415258])
Hip ([-0.0046488917, 0.039728794, 1.0563776E-4])
ChestBottom ([-0.01690751, 0.39889282, 0.015415258])
Hip ([-0.0046488917, 0.039728794, 1.0563776E-4])
ChestBottom ([-0.01690751, 0.39889282, 0.015415258])
Hip ([-0.0046488917, 0.039728794, 1.0563776E-4])
ChestBottom ([-0.01690751, 0.39889282, 0.015415258])
Hip ([-0.0046488917, 0.039728794, 1.0563776E-4])
ChestBottom ([-0.01690751, 0.39889282, 0.015415258])
Hip ([-0.0046488917, 0.039728794, 1.0563776E-4])
ChestBottom ([-0.01690751, 0.39889282, 0.015415258])
Hip ([-0.0046488917, 0.039728794, 1.0563776E-4])
ChestBottom ([-0.01690751, 0.39889282, 0.015415258])
Hip ([-0.0046488917, 0.039728794, 1.0563776E-4])
ChestBottom ([-0.01690751, 0.39889282, 0.015415258])
Hip ([-0.0046488917, 0.039728794, 1.0563776E-4])
ChestBottom ([-0.01690751, 0.39889282, 0.015415258])
Hip ([-0.0046488917, 0.039728794, 1.0563776E-4])
ChestBottom ([-0.01690751, 0.39889282, 0.015415258])
Hip ([-0.0046488917, 0.039728794, 1.0563776E-4])
ChestBottom ([-0.01690751, 0.39889282, 0.015415258])
Hip ([-0.0046488917, 0.039728794, 1.0563776E-4])
ChestBottom ([-0.01690751, 0.39889282, 0.015415258])
Hip ([-0.0046488917, 0.039728794, 1.0563776E-4])
ChestBottom ([-0.01690751, 0.39889282, 0.015415258])
Hip ([-0.0046488917, 0.039728794, 1.0563776E-4])
ChestBottom ([-0.01690751, 0.39889282, 0.015415258])
Hip ([-0.0046488917, 0.039728794, 1.0563776E-4])
ChestBottom ([-0.01690751, 0.39889282, 0.015415258])
Hip ([-0.0046488917, 0.039728794, 1.0563776E-4])
ChestBottom ([-0.01690751, 0.39889282, 0.015415258])
Hip ([-0.0046488917, 0.039728794, 1.0563776E-4])
ChestBottom ([-0.01690751, 0.39889282, 0.015415258])
Hip ([-0.0046488917, 0.039728794, 1.0563776E-4])
ChestBottom ([-0.01690751, 0.39889282, 0.015415258])
Hip ([-0.0046488917, 0.039728794, 1.0563776E-4])
ChestBottom ([-0.01690751, 0.39889282, 0.015415258])
Hip ([-0.0046488917, 0.039728794, 1.0563776E-4])
ChestBottom ([-0.01690751, 0.39889282, 0.015415258])
Hip ([-0.0046488917, 0.039728794, 1.0563776E-4])
ChestBottom ([-0.01690751, 0.39889282, 0.015415258])
Hip ([-0.0046488917, 0.039728794, 1.0563776E-4])
ChestBottom ([-0.01690751, 0.39889282, 0.015415258])
Hip ([-0.0046488917, 0.039728794, 1.0563776E-4])
ChestBottom ([-0.01690751, 0.39889282, 0.015415258])
Hip ([-0.0046488917, 0.039728794, 1.0563776E-4])
ChestBottom ([-0.01690751, 0.39889282, 0.015415258])
Hip ([-0.0046488917, 0.039728794, 1.0563776E-4])
ChestBottom ([-0.01690751, 0.39889282, 0.015415258])
Hip ([-0.0046488917, 0.039728794, 1.0563776E-4])
ChestBottom ([-0.01690751, 0.39889282, 0.015415258])
Hip ([-0.0046488917, 0.039728794, 1.0563776E-4])
ChestBottom ([-0.01690751, 0.39889282, 0.015415258])
Hip ([-0.0046488917, 0.039728794, 1.0563776E-4])
ChestBottom ([-0.01690751, 0.39889282, 0.015415258])
Hip ([-0.0046488917, 0.039728794, 1.0563776E-4])
ChestBottom ([-0.01690751, 0.39889282, 0.015415258])
Hip ([-0.0046488917, 0.039728794, 1.0563776E-4])
ChestBottom ([-0.01690751, 0.39889282, 0.015415258])
Hip ([-0.0046488917, 0.039728794, 1.0563776E-4])
ChestBottom ([-0.01690751, 0.39889282, 0.015415258])
Hip ([-0.0046488917, 0.039728794, 1.0563776E-4])
ChestBottom ([-0.01690751, 0.39889282, 0.015415258])
Hip ([-0.0046488917, 0.039728794, 1.0563776E-4])
ChestBottom ([-0.01690751, 0.39889282, 0.015415258])
Hip ([-0.0046488917, 0.039728794, 1.0563776E-4])
ChestBottom ([-0.01690751, 0.39889282, 0.015415258])
Hip ([-0.0046488917, 0.039728794, 1.0563776E-4])
ChestBottom ([-0.01690751, 0.39889282, 0.015415258])
Hip ([-0.0046488917, 0.039728794, 1.0563776E-4])
ChestBottom ([-0.01690751, 0.39889282, 0.015415258])
Hip ([-0.0046488917, 0.039728794, 1.0563776E-4])
ChestBottom ([-0.01690751, 0.39889282, 0.015415258])
Hip ([-0.0046488917, 0.039728794, 1.0563776E-4])
ChestBottom ([-0.01690751, 0.39889282, 0.015415258])
Hip ([-0.0046488917, 0.039728794, 1.0563776E-4])
ChestBottom ([-0.01690751, 0.39889282, 0.015415258])
Hip ([-0.0046488917, 0.039728794, 1.0563776E-4])
ChestBottom ([-0.01690751, 0.39889282, 0.015415258])
Hip ([-0.0046488917, 0.039728794, 1.0563776E-4])
ChestBottom ([-0.01690751, 0.39889282, 0.015415258])
Hip ([-0.0046488917, 0.039728794, 1.0563776E-4])
ChestBottom ([-0.01690751, 0.39889282, 0.015415258])
Hip ([-0.0046488917, 0.039728794, 1.0563776E-4])
ChestBottom ([-0.01690751, 0.39889282, 0.015415258])
Hip ([-0.0046488917, 0.039728794, 1.0563776E-4])
ChestBottom ([-0.01690751, 0.39889282, 0.015415258])
Hip ([-0.0046488917, 0.039728794, 1.0563776E-4])
ChestBottom ([-0.01690751, 0.39889282, 0.015415258])
Hip ([-0.0046488917, 0.039728794, 1.0563776E-4])
ChestBottom ([-0.01690751, 0.39889282, 0.015415258])
Hip ([-0.0046488917, 0.039728794, 1.0563776E-4])
ChestBottom ([-0.01690751, 0.39889282, 0.015415258])
Hip ([-0.0046488917, 0.039728794, 1.0563776E-4])
ChestBottom ([-0.01690751, 0.39889282, 0.015415258])
Hip ([-0.0046488917, 0.039728794, 1.0563776E-4])
ChestBottom ([-0.01690751, 0.39889282, 0.015415258])
Hip ([-0.0046488917, 0.039728794, 1.0563776E-4])
ChestBottom ([-0.01690751, 0.39889282, 0.015415258])
Hip ([-0.0046488917, 0.039728794, 1.0563776E-4])
ChestBottom ([-0.01690751, 0.39889282, 0.015415258])
Hip ([-0.0046488917, 0.039728794, 1.0563776E-4])
ChestBottom ([-0.01690751, 0.39889282, 0.015415258])
Hip ([-0.0046488917, 0.039728794, 1.0563776E-4])
ChestBottom ([-0.01690751, 0.39889282, 0.015415258])
Hip ([-0.0046488917, 0.039728794, 1.0563776E-4])
ChestBottom ([-0.01690751, 0.39889282, 0.015415258])
Hip ([-0.0046488917, 0.039728794, 1.0563776E-4])
ChestBottom ([-0.01690751, 0.39889282, 0.015415258])
Hip ([-0.0046488917, 0.039728794, 1.0563776E-4])
ChestBottom ([-0.01690751, 0.39889282, 0.015415258])
Hip ([-0.0046488917, 0.039728794, 1.0563776E-4])
ChestBottom ([-0.01690751, 0.39889282, 0.015415258])
Hip ([-0.0046488917, 0.039728794, 1.0563776E-4])
ChestBottom ([-0.01690751, 0.39889282, 0.015415258])
Hip ([-0.0046488917, 0.039728794, 1.0563776E-4])
ChestBottom ([-0.01690751, 0.39889282, 0.015415258])
Hip ([-0.0046488917, 0.039728794, 1.0563776E-4])
ChestBottom ([-0.01690751, 0.39889282, 0.015415258])
Hip ([-0.0046488917, 0.039728794, 1.0563776E-4])
ChestBottom ([-0.01690751, 0.39889282, 0.015415258])
Hip ([-0.0046488917, 0.039728794, 1.0563776E-4])
ChestBottom ([-0.01690751, 0.39889282, 0.015415258])
Hip ([-0.0046488917, 0.039728794, 1.0563776E-4])
ChestBottom ([-0.01690751, 0.39889282, 0.015415258])
Hip ([-0.0046488917, 0.039728794, 1.0563776E-4])
ChestBottom ([-0.01690751, 0.39889282, 0.015415258])
Hip ([-0.0046488917, 0.039728794, 1.0563776E-4])
ChestBottom ([-0.01690751, 0.39889282, 0.015415258])
Hip ([-0.0046488917, 0.039728794, 1.0563776E-4])
ChestBottom ([-0.01690751, 0.39889282, 0.015415258])
Hip ([-0.0046488917, 0.039728794, 1.0563776E-4])